2
2 10
-0,117099289138382 0,086679384385552 
-0,441301847315068 -0,0396339248584741 
-0,215812069697218 0,448572221653802 
0,244542528290554 -0,437622141995291 
0,177484855836949 0,332833790142477 
-0,473736785805662 -0,325281959877015 
-0,133669212755593 -0,138015483803123 
0,13752041553963 -0,368538923966018 
-0,0138041169912573 0,0288803579885887 
-0,270084830825257 0,220419819802241 
-0,0442665347569932 0,225097387435426 0,41404316430634 0,186970671958742 -0,126012209163053 0,0652509832592918 0,438305851043344 0,472327243058163 -0,116948531296546 0,167067788386283 
10 1
0,870401986437979 -0,476124119509356 -25,3311505646761 -16,1777033558763 -2,01297549445475 -0,796350302418519 6,29291731634213 -18,1152220915799 -0,0762617880804104 -5,87963997434574 
9,44130958246211 
